#Centroids	beta_prevalence	mean_abundance	alpha_prevalence_Y	alpha_prevalence_X	ppanini_score_X	ppanini_score_Y
SRS015996.18764	0.416666666667	3492.53406927	0.5	0.333333333333	17.2144861286	14.3290517257
SRS056210.78	0.833333333333	18143.9509516	1.0	0.666666666667	18.6034577925	18.6008874532
SRS015996.20239	0.416666666667	2278.05205753	0.5	0.333333333333	16.307876341	13.6953017069
SRS015996.18564	0.416666666667	2828.76039691	0.5	0.333333333333	16.6690467202	13.9491196708
UniRef90_L0WH87	0.166666666667	9114.51317462	0.0	0.333333333333	18.062820278	0.979433811612
SRS016033.36	0.416666666667	28416.7472285	0.5	0.333333333333	18.259406123	15.045745254
UniRef90_L0WH82	0.166666666667	9114.51317462	0.0	0.333333333333	18.062820278	0.979433811612
SRS015996.10884	0.416666666667	2744.69460043	0.5	0.333333333333	16.6268144807	13.9195330229
SRS015996.19338	0.5	9269.21472161	1.0	0.0	13.8016662029	18.4502888911
SRS019597.2114	0.166666666667	17044.0773047	0.0	0.333333333333	18.1899048054	0.979804997481
SRS015996.8903	0.416666666667	4404.82722061	0.5	0.333333333333	17.6574069441	14.6346169392
UniRef90_D5VB09	0.166666666667	6520.7163331	0.0	0.333333333333	17.7991537397	0.978647722856
UniRef90_D5V8I9	0.166666666667	6128.89164685	0.0	0.333333333333	17.7688456702	0.978555950526
SRS015996.17288	0.666666666667	16876.5872274	1.0	0.333333333333	18.1849331038	18.5697954458
SRS019597.2024	0.166666666667	14335.4950299	0.0	0.333333333333	18.1501037992	0.979689276391
UniRef90_Q49091	0.166666666667	8962.40313529	0.0	0.333333333333	18.0403272554	0.979367599312
SRS015996.15237	0.416666666667	3791.55239712	0.5	0.333333333333	17.3843646356	14.4465597265
UniRef90_J8XLM2	0.166666666667	6565.70554608	0.0	0.333333333333	17.8092484239	0.978678223857
SRS019597.2160	0.166666666667	18200.4969232	0.0	0.333333333333	18.2197144978	0.979891355581
UniRef90_D5V8F0	0.166666666667	8962.40313529	0.0	0.333333333333	18.0403272554	0.979367599312
SRS011132.41	0.416666666667	3119.94086139	0.5	0.333333333333	16.9523341895	14.1469517743
SRS011132.42	0.416666666667	3788.49961741	0.5	0.333333333333	17.3715342667	14.4376982816
SRS011132.43	0.416666666667	3992.06718735	0.5	0.333333333333	17.5480292503	14.5594029865
SRS011132.44	0.416666666667	4213.84869776	0.5	0.333333333333	17.5913275158	14.5891962769
SRS011132.45	0.416666666667	3770.28567694	0.5	0.333333333333	17.3664003244	14.4341518447
SRS011132.46	0.333333333333	2990.34560929	0.0	0.666666666667	17.1198151577	0.975424510192
SRS011132.47	0.416666666667	3992.06718735	0.5	0.333333333333	17.5480292503	14.5594029865
SRS011132.48	0.416666666667	3310.80532284	0.5	0.333333333333	17.0954199858	14.2464595613
UniRef90_D5VA49	0.166666666667	7264.03687388	0.0	0.333333333333	17.8974065941	0.978943210691
SRS019597.1386	0.416666666667	2162.86993859	0.5	0.333333333333	16.2167997562	13.6310116417
SRS011132.249	0.416666666667	3470.63730395	0.5	0.333333333333	17.1989868976	14.3183112758
SRS015996.14025	0.416666666667	2651.18127385	0.5	0.333333333333	16.5474441597	13.8638622742
SRS011132.243	0.416666666667	3155.51021975	0.5	0.333333333333	16.9575511955	14.150584779
SRS011132.242	0.333333333333	5255.14329912	0.0	0.666666666667	18.1069442501	0.978463772124
SRS011132.241	0.416666666667	3176.20209004	0.5	0.333333333333	16.9758024444	14.1632916238
SRS011132.240	0.416666666667	3176.20209004	0.5	0.333333333333	16.9758024444	14.1632916238
SRS011132.247	0.416666666667	2919.65532689	0.5	0.333333333333	16.7322669282	13.9933641726
SRS011132.246	0.416666666667	3807.60129615	0.5	0.333333333333	17.3971885986	14.4554145386
SRS011132.245	0.416666666667	2644.42667187	0.5	0.333333333333	16.5421442104	13.8601417777
SRS011132.244	0.416666666667	3104.94114572	0.5	0.333333333333	16.941897024	14.1396824582
SRS015996.543	0.416666666667	30371.3383077	0.5	0.333333333333	18.2767516097	15.057520446
SRS015996.12356	0.416666666667	2084.85597314	0.5	0.333333333333	16.1415576569	13.5778120633
SRS015996.547	0.416666666667	3513.25412515	0.5	0.333333333333	17.2273950374	14.3379946946
SRS015996.544	0.583333333333	16715.303407	0.5	0.666666666667	18.56717041	14.9917622316
SRS015996.545	0.416666666667	30371.3383077	0.5	0.333333333333	18.2767516097	15.057520446
SRS015996.13997	0.416666666667	2328.08917001	0.5	0.333333333333	16.3372747263	13.7160291847
UniRef90_D5VDF5	0.166666666667	8633.21436676	0.0	0.333333333333	18.0203166933	0.979308563201
SRS015996.8490	0.416666666667	2202.33836813	0.5	0.333333333333	16.2623775542	13.6631989475
SRS011132.20	0.416666666667	2740.42896029	0.5	0.333333333333	16.610959729	13.9084193373
SRS015996.12033	0.416666666667	2698.3121307	0.5	0.333333333333	16.5739277753	13.8824476433
UniRef90_F1W948	0.166666666667	8076.74750386	0.0	0.333333333333	17.9727282603	0.979167666251
SRS015996.12527	0.416666666667	2362.46364098	0.5	0.333333333333	16.353296322	13.7273202526
SRS015996.12526	0.416666666667	2362.46364098	0.5	0.333333333333	16.353296322	13.7273202526
SRS015996.11726	0.416666666667	2196.88624169	0.5	0.333333333333	16.2489805305	13.6537408842
SRS015996.1489	0.416666666667	3872.86458318	0.5	0.333333333333	17.4637701285	14.501352928
SRS016033.101	0.416666666667	24773.8074464	0.5	0.333333333333	18.2395681072	15.032273151
SRS011132.25	0.416666666667	3882.27436042	0.5	0.333333333333	17.4765544818	14.5101667823
SRS011132.287	0.416666666667	3037.86576208	0.5	0.333333333333	16.8765693327	14.0941491062
SRS015996.15942	0.416666666667	3882.27436042	0.5	0.333333333333	17.4765544818	14.5101667823
SRS011132.285	0.416666666667	5112.99245672	0.5	0.333333333333	17.7283787821	14.6833356953
SRS015996.7958	0.416666666667	2090.77427397	0.5	0.333333333333	16.1469392391	13.5816197016
SRS011132.8	0.416666666667	2570.32413236	0.5	0.333333333333	16.5050144131	13.8340662928
UniRef90_D5VAP9	0.166666666667	9628.5067202	0.0	0.333333333333	18.0902846689	0.979514446864
SRS011132.3	0.416666666667	3408.6616378	0.5	0.333333333333	17.1343063026	14.2734547621
SRS011132.1	0.416666666667	2154.44895825	0.5	0.333333333333	16.2114324583	13.6272193259
SRS019597.1544	0.416666666667	3014.79173095	0.5	0.333333333333	16.8372935847	14.0667459543
UniRef90_Q4FUF2	0.166666666667	8962.40313529	0.0	0.333333333333	18.0403272554	0.979367599312
SRS019597.1139	0.416666666667	2990.44693387	0.5	0.333333333333	16.7953338518	14.0374469029
SRS015996.12625	0.416666666667	1851.04513149	0.5	0.333333333333	16.0660997323	13.5243807146
SRS015996.13088	0.416666666667	2195.92690272	0.5	0.333333333333	16.2328950728	13.6423815423
SRS019597.1680	0.416666666667	2643.88675459	0.5	0.333333333333	16.5368431848	13.856420139
SRS016033.96	0.583333333333	16473.0412631	0.5	0.666666666667	18.5619826615	14.9883798998
SRS015996.16247	0.416666666667	28646.3502242	0.5	0.333333333333	18.2643631926	15.0491108221
SRS015996.2798	0.416666666667	2349.24118432	0.5	0.333333333333	16.3452867486	13.7216760257
SRS015996.652	0.416666666667	3087.78142549	0.5	0.333333333333	16.9210100707	14.125130585
SRS015996.16568	0.416666666667	3806.89039225	0.5	0.333333333333	17.3920597818	14.4518734092
SRS015996.19609	0.416666666667	3308.16723095	0.5	0.333333333333	17.0876356909	14.2410531811
SRS015996.1074	0.416666666667	2077.96388728	0.5	0.333333333333	16.1361749736	13.5740032426
SRS011132.288	0.416666666667	3037.86576208	0.5	0.333333333333	16.8765693327	14.0941491062
SRS015996.9810	0.416666666667	3579.0947197	0.5	0.333333333333	17.2815419155	14.3754818206
SRS015996.9811	0.416666666667	2462.25024082	0.5	0.333333333333	16.4252724669	13.7780009602
SRS015996.15838	0.416666666667	2168.6997767	0.5	0.333333333333	16.2275310631	13.6385927493
SRS015996.5708	0.416666666667	2739.98186932	0.5	0.333333333333	16.6056726683	13.9047125054
SRS015996.10211	0.416666666667	2134.18466089	0.5	0.333333333333	16.1845795104	13.6082401056
SRS015996.4521	0.416666666667	3008.60754278	0.5	0.333333333333	16.8268100061	14.0594278807
SRS015996.296	0.416666666667	2456.33940108	0.5	0.333333333333	16.4119584726	13.7686315476
SRS015996.297	0.416666666667	2456.33940108	0.5	0.333333333333	16.4119584726	13.7686315476
SRS011132.86	0.416666666667	3370.26879744	0.5	0.333333333333	17.1239423435	14.2662620164
SRS011132.81	0.416666666667	3808.9448393	0.5	0.333333333333	17.4023163912	14.4589546079
SRS011132.83	0.333333333333	3314.00637817	0.0	0.666666666667	17.4454712945	0.976463059142
UniRef90_Q59514	0.166666666667	8962.40313529	0.0	0.333333333333	18.0403272554	0.979367599312
SRS011132.89	0.416666666667	2948.98519776	0.5	0.333333333333	16.7664471704	14.0172623425
SRS019597.1613	0.416666666667	3181.9849266	0.5	0.333333333333	16.9836204714	14.1687332888
UniRef90_D5VC90	0.166666666667	5975.85581413	0.0	0.333333333333	17.7587349668	0.978525269644
SRS015996.10845	0.416666666667	3020.22378812	0.5	0.333333333333	16.8503921068	14.0758872851
SRS056210.92	0.666666666667	32754.2535815	1.0	0.333333333333	18.2940851837	18.6836310227
UniRef90_D5VCY9	0.166666666667	6725.96083383	0.0	0.333333333333	17.8294257979	0.978739091791
SRS011132.207	0.416666666667	4996.08889871	0.5	0.333333333333	17.7182520211	14.6763882588
SRS011132.204	0.416666666667	2507.09533505	0.5	0.333333333333	16.4571984356	13.8004581448
SRS011132.203	0.416666666667	2525.395301	0.5	0.333333333333	16.4731468159	13.811671197
SRS011132.202	0.416666666667	3030.4743612	0.5	0.333333333333	16.8687189378	14.0886734749
UniRef90_D5VCY7	0.166666666667	6725.96083383	0.0	0.333333333333	17.8294257979	0.978739091791
SRS011132.200	0.416666666667	3561.55013773	0.5	0.333333333333	17.2660829946	14.3647832846
SRS015996.5142	0.666666666667	24540.684394	1.0	0.333333333333	18.2346061675	18.6215962949
UniRef90_D5VBC8	0.166666666667	6799.71677889	0.0	0.333333333333	17.8470678937	0.978792205102
UniRef90_D5VBC9	0.166666666667	6799.71677889	0.0	0.333333333333	17.8470678937	0.978792205102
UniRef90_D5VBC7	0.166666666667	6799.71677889	0.0	0.333333333333	17.8470678937	0.978792205102
UniRef90_D5VBC5	0.166666666667	6799.71677889	0.0	0.333333333333	17.8470678937	0.978792205102
UniRef90_D5VBC3	0.166666666667	7211.33711546	0.0	0.333333333333	17.8898621364	0.978920630068
SRS011132.18	0.416666666667	3672.08391363	0.5	0.333333333333	17.3252918236	14.4057420448
SRS011132.17	0.416666666667	3459.79156237	0.5	0.333333333333	17.1834783419	14.3075611185
SRS011132.16	0.416666666667	4613.05541649	0.5	0.333333333333	17.6878476065	14.6555211999
SRS011132.15	0.583333333333	13866.1567981	0.5	0.666666666667	18.5308360014	14.9680651039
SRS011132.14	0.416666666667	2537.18047907	0.5	0.333333333333	16.49174097	13.8247400224
SRS011132.13	0.416666666667	2537.18047907	0.5	0.333333333333	16.49174097	13.8247400224
SRS019597.1838	0.416666666667	2199.7692945	0.5	0.333333333333	16.2543401605	13.6575249877
SRS011132.11	0.416666666667	2998.48602072	0.5	0.333333333333	16.8005825272	14.0411131894
SRS011132.10	0.416666666667	4496.1553767	0.5	0.333333333333	17.6726318103	14.645073726
SRS015996.14008	0.666666666667	31848.2734931	1.0	0.333333333333	18.2891339489	18.678466714
SRS015996.10140	0.416666666667	3055.85109286	0.5	0.333333333333	16.9053338011	14.1142050784
SRS011132.119	0.416666666667	2196.69305547	0.5	0.333333333333	16.2409390334	13.6480625322
SRS011132.118	0.416666666667	2196.69305547	0.5	0.333333333333	16.2409390334	13.6480625322
SRS011132.113	0.416666666667	4230.31282735	0.5	0.333333333333	17.6015047038	14.5961955095
SRS011132.110	0.416666666667	2832.57788732	0.5	0.333333333333	16.67959409	13.9565050263
SRS011132.115	0.416666666667	3424.53895548	0.5	0.333333333333	17.1524332226	14.286031629
SRS011132.114	0.416666666667	3424.53895548	0.5	0.333333333333	17.1524332226	14.286031629
SRS015996.2132	0.833333333333	18794.1803233	1.0	0.666666666667	18.6189951547	18.6164205205
SRS015996.2266	0.416666666667	2451.25259707	0.5	0.333333333333	16.4039668236	13.7630064352
SRS015996.13594	0.416666666667	2820.93316836	0.5	0.333333333333	16.6637714329	13.9454252989
SRS019597.1406	0.416666666667	2003.455222	0.5	0.333333333333	16.1146332222	13.5587561236
SRS019597.1018	0.416666666667	3335.76955703	0.5	0.333333333333	17.1083885995	14.2554647538
SRS016033.29	0.5	4658.98414786	1.0	0.0	13.5804194781	18.0570272653
SRS016033.21	0.416666666667	12993.6534865	0.5	0.333333333333	18.1301797904	14.9578943116
SRS015996.8210	0.416666666667	4464.24717725	0.5	0.333333333333	17.6675578631	14.6415891657
SRS019597.1127	0.416666666667	2530.14973948	0.5	0.333333333333	16.481117359	13.8172738444
SRS015996.1917	0.666666666667	26709.09731	1.0	0.333333333333	18.2445290724	18.6319449731
SRS015996.1916	0.5	7749.91019101	1.0	0.0	13.7197064088	18.3041127898
SRS015996.14246	0.416666666667	2280.57714613	0.5	0.333333333333	16.3132239545	13.6990729592
UniRef90_D5VB14	0.166666666667	5787.24760092	0.0	0.333333333333	17.7536781111	0.978509912252
UniRef90_K4HMX4	0.25	14795.6069676	0.5	0.0	13.8568548387	14.9816122658
SRS015996.20111	0.166666666667	9818.88654131	0.0	0.333333333333	18.105252706	0.979558295491
SRS015996.9291	0.416666666667	2489.05867797	0.5	0.333333333333	16.4359187867	13.7854912978
SRS015996.20471	0.416666666667	2726.87190822	0.5	0.333333333333	16.6003845354	13.9010045377
SRS011132.269	0.416666666667	3040.12248079	0.5	0.333333333333	16.8896480465	14.1032696123
SRS015996.8950	0.416666666667	3511.807748	0.5	0.333333333333	17.2222322499	14.3344183144
SRS015996.10443	0.5	4838.02441699	1.0	0.0	13.58639081	18.0675857185
SRS015996.7864	0.416666666667	2440.47968167	0.5	0.333333333333	16.3933074948	13.7555022394
SRS015996.8489	0.416666666667	2202.33836813	0.5	0.333333333333	16.2623775542	13.6631989475
UniRef90_D5V9R2	0.166666666667	7133.64082597	0.0	0.333333333333	17.8697326352	0.978860294118
SRS015996.19357	0.416666666667	3200.89559512	0.5	0.333333333333	16.9966452715	14.1777972359
SRS015996.16717	0.416666666667	3606.297394	0.5	0.333333333333	17.2969915564	14.3861707189
SRS015996.8910	0.416666666667	4576.44386557	0.5	0.333333333333	17.6827766817	14.6520397426
SRS019597.1876	0.416666666667	2229.46076182	0.5	0.333333333333	16.2864749764	13.6802050366
SRS011132.52	0.416666666667	2611.1634433	0.5	0.333333333333	16.5209336477	13.845248365
SRS011132.51	0.416666666667	3310.80532284	0.5	0.333333333333	17.0954199858	14.2464595613
SRS011132.50	0.416666666667	3531.5256777	0.5	0.333333333333	17.2531934656	14.3558604666
SRS011132.57	0.416666666667	3898.35668999	0.5	0.333333333333	17.5072109432	14.5312932026
SRS011132.56	0.416666666667	3898.35668999	0.5	0.333333333333	17.5072109432	14.5312932026
SRS011132.58	0.416666666667	2815.47983166	0.5	0.333333333333	16.6584950769	13.9417297968
SRS015996.10936	0.416666666667	5680.98314213	0.5	0.333333333333	17.7486202525	14.6972182153
UniRef90_D5VAF4	0.166666666667	8356.72328368	0.0	0.333333333333	17.9852601855	0.9792048384
SRS011132.159	0.416666666667	3520.00212503	0.5	0.333333333333	17.2428771949	14.3487173817
SRS011132.158	0.416666666667	2232.12358863	0.5	0.333333333333	16.2918269548	13.6839809544
SRS011132.157	0.416666666667	3750.45155812	0.5	0.333333333333	17.3509923402	14.4235061548
SRS011132.155	0.416666666667	3937.97413603	0.5	0.333333333333	17.525076957	14.5435994868
SRS011132.154	0.416666666667	3012.60761894	0.5	0.333333333333	16.8320523246	14.0630874744
SRS011132.153	0.416666666667	3200.89559512	0.5	0.333333333333	16.9966452715	14.1777972359
SRS011132.254	0.666666666667	201660.503037	1.0	0.333333333333	18.3336601147	18.7249111798
SRS011132.256	0.416666666667	3264.62383321	0.5	0.333333333333	17.0512779408	14.2157909777
SRS011132.251	0.416666666667	3171.47559884	0.5	0.333333333333	16.9679820558	14.1578474842
SRS011132.258	0.416666666667	2787.34466253	0.5	0.333333333333	16.6479391577	13.9343354003
SRS015996.16157	0.416666666667	1883.39798023	0.5	0.333333333333	16.082287503	13.5358498765
SRS015996.18355	0.666666666667	37562.6287484	1.0	0.333333333333	18.3188267922	18.7094382654
SRS015996.18923	0.416666666667	2285.76027601	0.5	0.333333333333	16.3212433303	13.7047276533
SRS015996.12927	0.416666666667	1981.7428994	0.5	0.333333333333	16.109245028	13.5549413821
SRS015996.11758	0.5	6587.6549907	1.0	0.0	13.6518150011	18.1834689851
SRS015996.6455	0.416666666667	2742.10819391	0.5	0.333333333333	16.6162457177	13.9121250338
SRS015996.20360	0.416666666667	3470.63730395	0.5	0.333333333333	17.1989868976	14.3183112758
SRS019597.1281	0.416666666667	2312.03338263	0.5	0.333333333333	16.3292602539	13.7103797279
SRS019597.1289	0.416666666667	2877.63811572	0.5	0.333333333333	16.7138435597	13.9804762766
SRS015996.19770	0.416666666667	4070.34301455	0.5	0.333333333333	17.5556754451	14.5646661101
SRS019597.1278	0.166666666667	17483.7691143	0.0	0.333333333333	18.1998452764	0.979833824578
SRS011132.201	0.416666666667	3561.55013773	0.5	0.333333333333	17.2660829946	14.3647832846
SRS019597.25	0.416666666667	7935.40967561	0.5	0.333333333333	17.9451362355	14.8317153541
SRS015996.1818	0.416666666667	2948.19331129	0.5	0.333333333333	16.7585634093	14.0117515856
SRS019597.1690	0.416666666667	2837.49551505	0.5	0.333333333333	16.6848661731	13.960196011
SRS016033.86	0.166666666667	28865.8624864	0.0	0.333333333333	18.2693192891	0.980034468543
UniRef90_D5V861	0.166666666667	7264.03687388	0.0	0.333333333333	17.8974065941	0.978943210691
SRS015996.9978	0.416666666667	3243.55458972	0.5	0.333333333333	17.035680379	14.2049479398
SRS019597.1453	0.416666666667	2707.7467885	0.5	0.333333333333	16.5898050514	13.8935851927
SRS015996.3714	0.25	14750.0820231	0.5	0.0	13.8539587147	14.9782269627
SRS015996.3713	0.5	7433.32384736	1.0	0.0	13.7079361566	18.283168337
SRS016033.15	0.666666666667	31736.5883711	1.0	0.333333333333	18.2841817422	18.6733014512
SRS019597.1864	0.416666666667	2095.28025301	0.5	0.333333333333	16.1523197204	13.5854261579
SRS016033.13	0.5	5470.90700282	1.0	0.0	13.6102365824	18.1097801286
UniRef90_D5VAE6	0.166666666667	8356.72328368	0.0	0.333333333333	17.9852601855	0.9792048384
SRS015996.19255	0.416666666667	3970.25261256	0.5	0.333333333333	17.5327300073	14.5488696765
SRS015996.5304	0.416666666667	1952.88256591	0.5	0.333333333333	16.09846533	13.5473083412
UniRef90_F1WFV3	0.166666666667	7447.39291	0.0	0.333333333333	17.9200265447	0.979010804649
SRS011132.96	0.416666666667	3102.95207387	0.5	0.333333333333	16.936676864	14.1360461458
SRS011132.94	0.416666666667	4363.70106966	0.5	0.333333333333	17.6523299717	14.6311292719
SRS011132.93	0.416666666667	3757.23970574	0.5	0.333333333333	17.3586974871	14.4288301964
SRS011132.92	0.416666666667	3757.23970574	0.5	0.333333333333	17.3586974871	14.4288301964
SRS011132.91	0.416666666667	3984.00240515	0.5	0.333333333333	17.5403807714	14.5541375092
SRS011132.90	0.416666666667	3791.55239712	0.5	0.333333333333	17.3843646356	14.4465597265
SRS015996.20027	0.416666666667	2756.80602579	0.5	0.333333333333	16.6320972555	13.9232353166
SRS011132.99	0.416666666667	3516.67901706	0.5	0.333333333333	17.2325567906	14.3415699989
SRS015996.15651	0.833333333333	13459.7964283	1.0	0.666666666667	18.5204460916	18.5178986382
SRS015996.3936	0.5	7435.57440066	1.0	0.0	13.7108801734	18.2884059111
SRS015996.17782	0.416666666667	3844.21284708	0.5	0.333333333333	17.4407422212	14.4854713864
SRS015996.16585	0.416666666667	4175.61050631	0.5	0.333333333333	17.5709609863	14.575185302
SRS019597.159	0.166666666667	17935.1916141	0.0	0.333333333333	18.2048140464	0.979848222712
SRS015996.10976	0.416666666667	1536.16234183	0.5	0.333333333333	16.0336943225	13.5014102394
SRS015996.4639	0.5	7962.33283709	1.0	0.0	13.7314611726	18.3250416697
SRS011132.218	0.416666666667	3203.5107059	0.5	0.333333333333	17.0044570062	14.1832323102
SRS011132.219	0.416666666667	4772.12629292	0.5	0.333333333333	17.6979864357	14.6624810148
SRS011132.191	0.416666666667	3628.2458332	0.5	0.333333333333	17.3150044198	14.3986289369
SRS011132.190	0.416666666667	4509.00153492	0.5	0.333333333333	17.6777047498	14.6485572514
SRS011132.197	0.416666666667	3574.69238916	0.5	0.333333333333	17.2738136156	14.3701337581
SRS011132.196	0.416666666667	3064.02204785	0.5	0.333333333333	16.9105602777	14.1178480199
SRS011132.195	0.416666666667	4115.73717457	0.5	0.333333333333	17.5658668201	14.5716799494
SRS011132.194	1.0	13798.3697937	1.0	1.0	18.5459563912	18.5230926447
SRS015996.8904	0.583333333333	6102.2672492	0.5	0.666666666667	18.1332957929	14.7076193111
SRS011132.212	0.416666666667	3119.14779051	0.5	0.333333333333	16.9471161324	14.1433176676
SRS011132.198	0.416666666667	3915.13928337	0.5	0.333333333333	17.5199736529	14.5400847168
SRS011132.215	0.416666666667	4238.14278547	0.5	0.333333333333	17.6065917796	14.5996935636
SRS011132.216	0.416666666667	3214.67276411	0.5	0.333333333333	17.0174713253	14.1922852828
SRS011132.217	0.416666666667	3214.67276411	0.5	0.333333333333	17.0174713253	14.1922852828
SRS015996.1200	0.416666666667	2103.49703831	0.5	0.333333333333	16.1603883791	13.5911336274
SRS015996.19729	0.416666666667	3088.23793573	0.5	0.333333333333	16.9262333876	14.1287702097
SRS015996.17971	0.416666666667	3715.21241597	0.5	0.333333333333	17.3304339827	14.4092969984
SRS015996.9478	0.416666666667	2932.02674777	0.5	0.333333333333	16.7480480077	14.0043999865
SRS011132.27	0.416666666667	3863.14985618	0.5	0.333333333333	17.4535380552	14.4942971023
SRS015996.10500	0.416666666667	2383.96331009	0.5	0.333333333333	16.3773103601	13.744237267
SRS015996.15652	0.5	7167.29238096	1.0	0.0	13.6932015141	18.2569658452
SRS011132.286	0.416666666667	3278.88742839	0.5	0.333333333333	17.0668660975	14.226624182
SRS015996.19988	0.416666666667	3580.91059728	0.5	0.333333333333	17.2892678955	14.3808274737
SRS011132.284	0.416666666667	2868.81555752	0.5	0.333333333333	16.7006760196	13.9712621987
SRS011132.282	0.416666666667	3003.29128678	0.5	0.333333333333	16.8163221929	14.0521053504
SRS011132.281	0.416666666667	2440.77006164	0.5	0.333333333333	16.3986377018	13.7592549156
SRS011132.280	0.5	9400.35280357	0.0	1.0	18.478192501	0.979470503567
SRS015996.8999	0.416666666667	2948.98519776	0.5	0.333333333333	16.7664471704	14.0172623425
UniRef90_D5V8X7	0.166666666667	8962.40313529	0.0	0.333333333333	18.0403272554	0.979367599312
SRS015996.2058	0.416666666667	1823.50750053	0.5	0.333333333333	16.0607015974	13.5205552809
SRS011132.104	0.416666666667	2870.34559248	0.5	0.333333333333	16.7059438352	13.9749486743
SRS011132.105	0.416666666667	2665.32090731	0.5	0.333333333333	16.5527430333	13.8675816292
SRS011132.100	0.416666666667	4920.59244427	0.5	0.333333333333	17.7081212398	14.6694366999
SRS011132.265	0.416666666667	2924.70372227	0.5	0.333333333333	16.737528352	13.9970439
SRS011132.264	0.416666666667	3866.43373059	0.5	0.333333333333	17.4586546021	14.4978255424
SRS011132.261	0.416666666667	3002.5804486	0.5	0.333333333333	16.8110766974	14.0484424126
SRS011132.260	0.583333333333	4317.49432554	0.5	0.666666666667	18.001291849	14.6206600486
UniRef90_Q4FQ37	0.166666666667	8356.72328368	0.0	0.333333333333	17.9852601855	0.9792048384
SRS015996.12370	0.416666666667	3263.44534982	0.5	0.333333333333	17.046079799	14.212177725
SRS015996.18400	0.5	6561.67579387	1.0	0.0	13.6458870074	18.172953778
SRS019597.1337	0.416666666667	1396.85350201	0.5	0.333333333333	16.0282895451	13.4975776526
SRS019597.1898	0.416666666667	1555.66051268	0.5	0.333333333333	16.039097992	13.5052416326
SRS015996.12111	0.416666666667	3020.22378812	0.5	0.333333333333	16.8503921068	14.0758872851
SRS019597.1795	0.416666666667	2165.90767727	0.5	0.333333333333	16.2221659577	13.6348027826
SRS019597.1068	0.416666666667	2115.62277974	0.5	0.333333333333	16.176518273	13.6025405994
SRS019597.1069	0.416666666667	2115.62277974	0.5	0.333333333333	16.176518273	13.6025405994
SRS056210.57	0.416666666667	34782.964492	0.5	0.333333333333	18.3138804117	15.0827125516
SRS015996.10799	0.416666666667	2206.49470381	0.5	0.333333333333	16.2757677429	13.6726496971
SRS016033.54	0.416666666667	34020.4807876	0.5	0.333333333333	18.2990354472	15.0726423205
SRS016033.55	0.5	8487.08798527	1.0	0.0	13.7578529194	18.3720748015
SRS016033.57	0.416666666667	40574.2097704	0.5	0.333333333333	18.3237722027	15.0894211487
SRS015996.15963	0.416666666667	1706.08061314	0.5	0.333333333333	16.0553023562	13.5167286564
SRS015996.1025	0.416666666667	2706.19329063	0.5	0.333333333333	16.5845136997	13.8898738143
SRS015996.12575	0.416666666667	2427.11196728	0.5	0.333333333333	16.3826438243	13.7479934157
SRS015996.15969	0.416666666667	2139.86068392	0.5	0.333333333333	16.1953239825	13.6158353242
SRS015996.8635	0.416666666667	4248.86683098	0.5	0.333333333333	17.6116778437	14.603190577
SRS015996.19628	0.416666666667	2780.07916497	0.5	0.333333333333	16.6426595937	13.9306365048
SRS015996.12987	0.416666666667	2478.46380122	0.5	0.333333333333	16.4305961683	13.7817467056
SRS015996.12986	0.416666666667	2935.32348809	0.5	0.333333333333	16.7533062401	14.0080763468
SRS015996.14434	0.416666666667	2050.42715891	0.5	0.333333333333	16.1200203134	13.5625696799
SRS019597.2041	0.416666666667	2374.88107755	0.5	0.333333333333	16.3613034477	13.7329618673
SRS011132.315	0.416666666667	5187.54373047	0.5	0.333333333333	17.7334406557	14.6868078687
SRS015996.19181	0.416666666667	2877.63811572	0.5	0.333333333333	16.7138435597	13.9804762766
SRS015996.19347	0.416666666667	3000.3612465	0.5	0.333333333333	16.8058301423	14.0447783591
SRS011132.66	0.416666666667	3218.41075569	0.5	0.333333333333	17.0252767753	14.1977137783
SRS011132.64	0.416666666667	3449.01339551	0.5	0.333333333333	17.1757205646	14.3021823955
SRS011132.65	0.416666666667	3017.88672107	0.5	0.333333333333	16.8425337868	14.0704033211
SRS011132.62	0.416666666667	1940.07003498	0.5	0.333333333333	16.0930738253	13.5434900406
SRS019597.362	0.416666666667	4925.39813031	0.5	0.333333333333	17.7131871331	14.6729129949
SRS011132.60	0.416666666667	2382.32908833	0.5	0.333333333333	16.3719758095	13.7404799597
SRS011132.61	0.333333333333	18315.7861046	0.0	0.666666666667	18.6138169913	0.97990571273
SRS019597.200	0.416666666667	3206.68977852	0.5	0.333333333333	17.0096635194	14.1868543216
SRS015996.20635	0.416666666667	4180.99114361	0.5	0.333333333333	17.5862374031	14.5856950976
SRS015996.1587	0.416666666667	140478.028313	0.5	0.333333333333	18.3287166434	15.0927739814
SRS015996.13630	0.416666666667	2073.67942566	0.5	0.333333333333	16.1254063022	13.5663820514
SRS015996.5756	0.666666666667	27227.4302407	1.0	0.333333333333	18.2494890632	18.6371178774
SRS015996.5754	0.583333333333	14520.9903533	0.5	0.666666666667	18.5412220649	14.9748406683
SRS011132.149	0.416666666667	3970.25261256	0.5	0.333333333333	17.5327300073	14.5488696765
SRS011132.141	0.416666666667	3459.79156237	0.5	0.333333333333	17.1834783419	14.3075611185
SRS011132.142	0.416666666667	2114.31706589	0.5	0.333333333333	16.168454563	13.5968384406
SRS015996.7745	0.416666666667	3611.64481006	0.5	0.333333333333	17.3098591744	14.3950707816
SRS011132.144	0.416666666667	3812.44249297	0.5	0.333333333333	17.4100061605	14.4642627253
SRS011132.145	0.416666666667	4176.42877214	0.5	0.333333333333	17.5760541386	14.5786896106
SRS011132.146	0.416666666667	3606.91575775	0.5	0.333333333333	17.3047128995	14.3915115581
SRS011132.220	0.416666666667	2843.66429784	0.5	0.333333333333	16.6901371889	13.9638858676
SRS011132.225	0.416666666667	2667.41299593	0.5	0.333333333333	16.5580408313	13.871299843
SRS015996.15262	0.416666666667	3248.630575	0.5	0.333333333333	17.0408806118	14.2085633792
SRS011132.226	0.333333333333	3523.78093497	0.0	0.666666666667	17.5961855839	0.9769314119
SRS015996.20097	0.416666666667	3417.07808629	0.5	0.333333333333	17.1420765418	14.2788464737
SRS015996.16161	0.416666666667	3857.06974623	0.5	0.333333333333	17.4484204875	14.4907676075
UniRef90_D5VBA5	0.166666666667	8048.44482416	0.0	0.333333333333	17.9626982647	0.979137879984
SRS015996.1275	0.416666666667	2510.64417982	0.5	0.333333333333	16.46783177	13.8079346626
SRS015996.18363	0.416666666667	4076.46015163	0.5	0.333333333333	17.5607716398	14.5681735522
SRS015996.13998	0.416666666667	2328.08917001	0.5	0.333333333333	16.3372747263	13.7160291847
SRS015996.16008	0.416666666667	3270.68137055	0.5	0.333333333333	17.0616710897	14.2230142057
SRS015996.7733	0.416666666667	3829.0183299	0.5	0.333333333333	17.4279400024	14.4766390702
SRS011132.237	0.666666666667	8593.28016114	1.0	0.333333333333	18.0103054893	18.3877350463
SRS015996.9014	0.416666666667	2845.05620401	0.5	0.333333333333	16.6954071376	13.9675745967
SRS011132.235	0.416666666667	3055.00358708	0.5	0.333333333333	16.9001062705	14.1105610303
SRS015996.3799	0.416666666667	2250.76041313	0.5	0.333333333333	16.2971778415	13.6877557051
SRS011132.139	0.416666666667	3474.26767769	0.5	0.333333333333	17.2067376782	14.3236827133
SRS011132.138	0.416666666667	2509.19332278	0.5	0.333333333333	16.4625156434	13.8041969787
SRS011132.134	0.416666666667	3892.87376919	0.5	0.333333333333	17.4893324636	14.5189740572
SRS011132.133	0.416666666667	3892.87376919	0.5	0.333333333333	17.4893324636	14.5189740572
SRS015996.4134	0.416666666667	1957.01302819	0.5	0.333333333333	16.1038557308	13.5511254548
SRS015996.19001	0.416666666667	6400.97149275	0.5	0.333333333333	17.7890550543	14.7249339465
SRS015996.7939	0.416666666667	3829.7063835	0.5	0.333333333333	17.4330616564	14.4801727892
SRS015996.7938	0.416666666667	3046.35735052	0.5	0.333333333333	16.8948776858	14.1069158751
UniRef90_D5V950	0.166666666667	9751.46364376	0.0	0.333333333333	18.1002643431	0.979543689782
SRS015996.3157	0.416666666667	1862.47133601	0.5	0.333333333333	16.0741948612	13.5301166336
SRS019597.2032	0.416666666667	2570.02007184	0.5	0.333333333333	16.499705845	13.8303366445
SRS019597.1038	0.333333333333	16471.0094258	0.0	0.666666666667	18.556793953	0.979747219653
SRS015996.17703	0.416666666667	2530.14973948	0.5	0.333333333333	16.481117359	13.8172738444
SRS019597.1422	0.333333333333	11830.8077903	0.0	0.666666666667	18.5048540103	0.979602049751
SRS015996.5577	0.416666666667	2674.23502406	0.5	0.333333333333	16.5633375541	13.8750169163
SRS019597.1424	0.416666666667	4338.46264153	0.5	0.333333333333	17.6421729996	14.6241508271
SRS015996.12490	0.416666666667	2501.82716777	0.5	0.333333333333	16.4465607753	13.7929770246
SRS015996.1989	0.416666666667	2435.5394394	0.5	0.333333333333	16.3879762024	13.7517484063
SRS019597.1918	0.416666666667	3426.94725825	0.5	0.333333333333	17.1601980061	14.2914176524
UniRef90_D5V8R5	0.166666666667	9628.5067202	0.0	0.333333333333	18.0902846689	0.979514446864
SRS015996.5532	0.416666666667	2705.18681831	0.5	0.333333333333	16.5792212745	13.886161298
SRS015996.5095	0.416666666667	2968.79804032	0.5	0.333333333333	16.7743285411	14.0227705793
SRS015996.9347	0.416666666667	3745.6432869	0.5	0.333333333333	17.345854292	14.4199554634
UniRef90_D5VA64	0.166666666667	7301.50325712	0.0	0.333333333333	17.904948814	0.978965766635
SRS019597.1636	0.416666666667	2458.46216353	0.5	0.333333333333	16.4199476821	13.7742540609
SRS015996.8768	0.416666666667	2206.24389484	0.5	0.333333333333	16.2704124873	13.6688702743
SRS011132.34	0.416666666667	4275.51477626	0.5	0.333333333333	17.6167628964	14.6066865501
SRS015996.15223	0.416666666667	2136.36417954	0.5	0.333333333333	16.1899522955	13.6120383037
SRS015996.8931	0.416666666667	3467.01450926	0.5	0.333333333333	17.1912337859	14.3129374114
UniRef90_L0WLD9	0.166666666667	6417.99652936	0.0	0.333333333333	17.7941048973	0.978632455553
SRS015996.14315	0.416666666667	3635.90574699	0.5	0.333333333333	17.3201486361	14.4021860244
SRS015996.8506	0.416666666667	3075.37027766	0.5	0.333333333333	16.9157857008	14.1214898552
SRS011132.35	0.416666666667	2925.35221534	0.5	0.333333333333	16.7427887118	14.0007225044
SRS015996.16322	0.416666666667	2075.32520298	0.5	0.333333333333	16.1307911888	13.5701932388
SRS011132.31	0.416666666667	4296.47318203	0.5	0.333333333333	17.6320119892	14.6171682321
SRS015996.9464	0.416666666667	3825.46058929	0.5	0.333333333333	17.4228173261	14.4731042941
SRS019597.1950	0.333333333333	2987.13296425	0.0	0.666666666667	17.1143561344	0.975406783212
SRS019597.1951	0.416666666667	2805.39615466	0.5	0.333333333333	16.653217652	13.9380331642
SRS011132.38	0.416666666667	2911.15147643	0.5	0.333333333333	16.7270044398	13.9896833218
SRS011132.291	0.416666666667	3790.06900416	0.5	0.333333333333	17.3766671833	14.4412436559
SRS011132.293	0.416666666667	3532.51991353	0.5	0.333333333333	17.2583500515	14.3594303985
SRS011132.294	0.416666666667	3819.08727292	0.5	0.333333333333	17.4176936271	14.4695684602
SRS011132.297	0.416666666667	2973.07105845	0.5	0.333333333333	16.7795814608	14.0264413379
SRS011132.298	0.416666666667	3288.51475235	0.5	0.333333333333	17.0746566516	14.2320371008
SRS011132.299	0.416666666667	3288.51475235	0.5	0.333333333333	17.0746566516	14.2320371008
SRS015996.13164	0.416666666667	2578.80646524	0.5	0.333333333333	16.5103219026	13.8377947953
SRS015996.3163	0.416666666667	6317.79492411	0.5	0.333333333333	17.7840042104	14.7214730697
UniRef90_B0UUG7	0.166666666667	7974.10918887	0.0	0.333333333333	17.9551731676	0.979115511903
UniRef90_Q538B5	0.166666666667	8589.52600688	0.0	0.333333333333	18.0027944931	0.979256766461
SRS015996.10004	0.416666666667	2496.50413125	0.5	0.333333333333	16.4412403222	13.7892347373
SRS011132.174	0.416666666667	4291.21434093	0.5	0.333333333333	17.6269299689	14.6136753772
SRS011132.278	0.416666666667	3896.58631911	0.5	0.333333333333	17.4995502648	14.5260151449
SRS011132.176	0.416666666667	3027.8742116	0.5	0.333333333333	16.8608661666	14.0831953457
SRS011132.179	0.333333333333	2640.38616962	0.0	0.666666666667	16.8510989103	0.974539069359
SRS011132.178	0.416666666667	9442.64370308	0.5	0.333333333333	18.0803010616	14.9239269993
SRS011132.274	0.416666666667	3101.21372537	0.5	0.333333333333	16.9314556519	14.1324087298
SRS011132.273	0.416666666667	3369.08541654	0.5	0.333333333333	17.1187588032	14.2626640152
SRS011132.271	0.416666666667	3267.03641395	0.5	0.333333333333	17.0564750376	14.2194031377
SRS015996.1738	0.416666666667	2267.35640905	0.5	0.333333333333	16.3025276368	13.691529289
SRS015996.17243	0.416666666667	1627.40213826	0.5	0.333333333333	16.0445005539	13.5090718328
UniRef90_D5V8D7	0.166666666667	8962.40313529	0.0	0.333333333333	18.0403272554	0.979367599312
SRS011132.184	0.416666666667	3873.55798332	0.5	0.333333333333	17.4688846347	14.5048792597
SRS011132.186	0.416666666667	3844.21284708	0.5	0.333333333333	17.4407422212	14.4854713864
SRS011132.180	0.416666666667	3903.35458319	0.5	0.333333333333	17.5148693319	14.536568898
SRS011132.181	0.416666666667	3725.92937486	0.5	0.333333333333	17.3407152166	14.4164037072
SRS011132.182	0.416666666667	3371.07895821	0.5	0.333333333333	17.1291248432	14.2698589318
SRS011132.183	0.416666666667	5106.05370529	0.5	0.333333333333	17.723315904	14.6798624921
UniRef90_D5V831	0.166666666667	9628.5067202	0.0	0.333333333333	18.0902846689	0.979514446864
UniRef90_D5V832	0.166666666667	8589.52600688	0.0	0.333333333333	18.0027944931	0.979256766461
UniRef90_D5VD30	0.166666666667	7048.19606815	0.0	0.333333333333	17.8646977702	0.978845182574
UniRef90_D5V835	0.166666666667	6274.73110765	0.0	0.333333333333	17.7789523653	0.978586586289
SRS019597.1177	0.416666666667	2742.91233121	0.5	0.333333333333	16.6215306348	13.9158295955
SRS015996.20340	0.416666666667	3892.87376919	0.5	0.333333333333	17.4893324636	14.5189740572
SRS015996.12869	0.416666666667	1697.44223029	0.5	0.333333333333	16.0499020085	13.5129008406
SRS016033.44	0.666666666667	27864.9657289	1.0	0.333333333333	18.25444808	18.6422898257
SRS015996.1933	0.416666666667	3724.94267201	0.5	0.333333333333	17.3355751136	14.4128508857
SRS015996.15004	0.416666666667	3295.03958321	0.5	0.333333333333	17.0824448576	14.2374475663
SRS015996.7201	0.416666666667	4227.10257288	0.5	0.333333333333	17.596416616	14.592696414
SRS015996.5214	0.416666666667	4360.59964743	0.5	0.333333333333	17.6472519903	14.627640568
SRS015996.8898	0.166666666667	6146.97829748	0.0	0.333333333333	17.7738995187	0.978571274041
SRS015996.9388	0.416666666667	3220.15231995	0.5	0.333333333333	17.0304791003	14.2013314064
UniRef90_D5VC37	0.166666666667	7753.31976271	0.0	0.333333333333	17.9376059333	0.979063224872
UniRef90_D5VC36	0.166666666667	7753.31976271	0.0	0.333333333333	17.9376059333	0.979063224872
SRS056210.30	0.333333333333	18116.9385827	0.0	0.666666666667	18.5982767564	0.979862610582
SRS056210.39	0.416666666667	34102.7978859	0.5	0.333333333333	18.3039847395	15.0760000429
SRS015996.12324	0.416666666667	2714.53312131	0.5	0.333333333333	16.5950953299	13.8972954337
SRS015996.8800	0.416666666667	2379.60847106	0.5	0.333333333333	16.3666401721	13.7367214933
SRS015996.12127	0.5	10123.2273554	1.0	0.0	13.8249453477	18.4919141665
SRS015996.12126	0.5	10181.5101913	1.0	0.0	13.8278509563	18.497112987
SRS011132.306	0.416666666667	3517.7545637	0.5	0.333333333333	17.2377175096	14.3451442278
SRS015996.15777	0.416666666667	1934.10484893	0.5	0.333333333333	16.0876812164	13.5396705526
UniRef90_D5V9T2	0.166666666667	7614.156708	0.0	0.333333333333	17.9250504681	0.979025795476
SRS015996.282	0.416666666667	2142.13955579	0.5	0.333333333333	16.2006945718	13.6196311677
SRS011132.79	0.416666666667	4443.76897919	0.5	0.333333333333	17.6624829078	14.6381035703
SRS015996.14210	0.666666666667	34653.0930336	1.0	0.333333333333	18.3089330609	18.6991182275
UniRef90_D5V8E4	0.166666666667	8962.40313529	0.0	0.333333333333	18.0403272554	0.979367599312
SRS011132.70	0.416666666667	3003.85003865	0.5	0.333333333333	16.821566629	14.0557671729
SRS011132.73	0.416666666667	3432.97147274	0.5	0.333333333333	17.1679604531	14.2968012407
SRS011132.72	0.416666666667	3432.97147274	0.5	0.333333333333	17.1679604531	14.2968012407
SRS011132.77	0.416666666667	2776.37594511	0.5	0.333333333333	16.6373789598	13.9269364771
SRS011132.76	0.416666666667	3417.07808629	0.5	0.333333333333	17.1420765418	14.2788464737
SRS011132.6	0.416666666667	3606.297394	0.5	0.333333333333	17.2969915564	14.3861707189
SRS015996.3893	0.416666666667	2506.50348024	0.5	0.333333333333	16.4518801463	13.7967181603
SRS056210.89	0.333333333333	12251.1890624	0.0	0.666666666667	18.5100523333	0.979616613587
SRS011132.5	0.416666666667	3492.53406927	0.5	0.333333333333	17.2144861286	14.3290517257
SRS011132.175	0.416666666667	3039.61015815	0.5	0.333333333333	16.8844173524	14.0996222414
SRS015996.7053	0.416666666667	2214.26659992	0.5	0.333333333333	16.2811219059	13.676427951
SRS011132.177	0.416666666667	3027.8742116	0.5	0.333333333333	16.8608661666	14.0831953457
SRS011132.279	0.5	8596.7650597	0.0	1.0	18.4154965972	0.979293777504
UniRef90_D5VCZ1	0.166666666667	6725.96083383	0.0	0.333333333333	17.8294257979	0.978739091791
UniRef90_T1R5W4	0.25	17044.8677572	0.5	0.0	13.874211735	15.0019032913
SRS015996.3393	0.166666666667	7136.38248885	0.0	0.333333333333	17.874766504	0.978875394627
SRS015996.3394	0.416666666667	6590.07916641	0.5	0.333333333333	17.8193391091	14.7456777144
SRS011132.277	0.333333333333	4287.35299525	0.0	0.666666666667	17.9854099201	0.978106610811
SRS011132.238	0.416666666667	3197.16712034	0.5	0.333333333333	16.988831178	14.1723596915
SRS011132.239	0.416666666667	2579.66914738	0.5	0.333333333333	16.5156283141	13.8415221526
SRS015996.18371	0.416666666667	2145.60717046	0.5	0.333333333333	16.2060640636	13.6234258348
SRS015996.3096	0.416666666667	2617.15302978	0.5	0.333333333333	16.5262379038	13.8489734332
SRS015996.2072	0.416666666667	4177.86150927	0.5	0.333333333333	17.5811462775	14.5821928757
SRS011132.143	0.416666666667	3812.44249297	0.5	0.333333333333	17.4100061605	14.4642627253
SRS015996.12416	0.416666666667	1862.47133601	0.5	0.333333333333	16.0741948612	13.5301166336
SRS015996.11778	0.416666666667	2906.7471718	0.5	0.333333333333	16.7217408867	13.9860013471
SRS015996.1199	0.416666666667	2103.49703831	0.5	0.333333333333	16.1603883791	13.5911336274
UniRef90_L0WJB0	0.166666666667	8076.74750386	0.0	0.333333333333	17.9727282603	0.979167666251
SRS011132.126	0.416666666667	3167.76337613	0.5	0.333333333333	16.9627671508	14.1542166821
SRS011132.127	0.416666666667	3365.74858714	0.5	0.333333333333	17.1135742219	14.2590649279
SRS011132.125	0.416666666667	3579.0947197	0.5	0.333333333333	17.2815419155	14.3754818206
UniRef90_L0WLM5	0.166666666667	7138.74154927	0.0	0.333333333333	17.879799377	0.978890484113
SRS019597.1182	0.416666666667	2285.76027601	0.5	0.333333333333	16.3212433303	13.7047276533
SRS019597.1218	0.416666666667	2830.95643073	0.5	0.333333333333	16.6743209391	13.9528129131
UniRef90_D5VAU1	0.166666666667	8048.44482416	0.0	0.333333333333	17.9626982647	0.979137879984
SRS015996.2020	0.416666666667	2685.68294796	0.5	0.333333333333	16.568633202	13.8787328495
UniRef90_D5VBN4	0.166666666667	6917.00486769	0.0	0.333333333333	17.8596619088	0.978830059985
